truck_id,order_id,sequence_number
0,91.0,1
0,244.0,2
0,174.0,3
0,78.0,4
1,48.0,1
1,26.0,2
1,145.0,3
1,299.0,4
1,189.0,5
1,400.0,6
1,248.0,7
1,479.0,8
1,107.0,9
1,180.0,10
2,0.0,1
2,271.0,2
2,314.0,3
2,184.0,4
2,79.0,5
2,438.0,6
2,241.0,7
2,254.0,8
2,460.0,9
2,325.0,10
2,86.0,11
2,259.0,12
3,340.0,1
3,4.0,2
3,160.0,3
3,6.0,4
3,257.0,5
4,286.0,1
4,334.0,2
4,35.0,3
4,357.0,4
4,397.0,5
4,128.0,6
4,119.0,7
4,313.0,8
4,87.0,9
4,101.0,10
5,23.0,1
5,49.0,2
5,195.0,3
5,291.0,4
5,329.0,5
5,309.0,6
5,341.0,7
6,394.0,1
6,411.0,2
6,457.0,3
6,470.0,4
6,236.0,5
6,423.0,6
6,125.0,7
6,442.0,8
6,287.0,9
6,266.0,10
6,393.0,11
6,381.0,12
6,81.0,13
6,215.0,14
6,240.0,15
7,403.0,1
8,474.0,1
8,277.0,2
8,302.0,3
8,265.0,4
8,31.0,5
8,243.0,6
8,152.0,7
8,154.0,8
8,187.0,9
8,238.0,10
8,290.0,11
9,143.0,1
9,418.0,2
9,490.0,3
9,362.0,4
9,432.0,5
9,15.0,6
9,95.0,7
9,288.0,8
9,346.0,9
10,349.0,1
10,32.0,2
10,25.0,3
10,282.0,4
10,493.0,5
10,108.0,6
10,372.0,7
11,399.0,1
11,415.0,2
12,495.0,1
12,190.0,2
12,275.0,3
12,201.0,4
12,209.0,5
12,121.0,6
12,19.0,7
12,377.0,8
12,422.0,9
12,294.0,10
13,338.0,1
13,113.0,2
13,217.0,3
13,284.0,4
13,83.0,5
13,402.0,6
14,175.0,1
14,407.0,2
14,255.0,3
14,419.0,4
14,237.0,5
14,318.0,6
14,273.0,7
14,168.0,8
14,322.0,9
14,303.0,10
14,146.0,11
14,492.0,12
14,316.0,13
15,319.0,1
16,197.0,1
16,115.0,2
16,40.0,3
16,228.0,4
17,301.0,1
18,383.0,1
19,118.0,1
19,186.0,2
19,62.0,3
19,391.0,4
19,16.0,5
20,142.0,1
21,355.0,1
21,204.0,2
21,417.0,3
21,323.0,4
22,310.0,1
22,306.0,2
22,307.0,3
22,489.0,4
22,47.0,5
22,435.0,6
22,213.0,7
22,440.0,8
22,439.0,9
23,111.0,1
23,426.0,2
23,90.0,3
23,159.0,4
23,395.0,5
23,172.0,6
23,327.0,7
23,375.0,8
23,227.0,9
23,260.0,10
24,63.0,1
24,191.0,2
24,331.0,3
24,44.0,4
24,480.0,5
24,84.0,6
24,59.0,7
24,71.0,8
24,444.0,9
25,157.0,1
25,374.0,2
25,11.0,3
25,56.0,4
25,94.0,5
25,105.0,6
25,234.0,7
25,384.0,8
25,249.0,9
25,102.0,10
25,448.0,11
26,55.0,1
26,223.0,2
26,253.0,3
26,352.0,4
26,425.0,5
26,216.0,6
26,126.0,7
26,219.0,8
26,252.0,9
26,222.0,10
26,139.0,11
26,424.0,12
26,130.0,13
26,205.0,14
27,210.0,1
27,324.0,2
28,363.0,1
28,455.0,2
28,270.0,3
28,13.0,4
29,450.0,1
29,456.0,2
29,405.0,3
29,412.0,4
30,348.0,1
30,404.0,2
30,51.0,3
30,230.0,4
30,70.0,5
30,88.0,6
30,461.0,7
30,477.0,8
30,382.0,9
30,54.0,10
30,151.0,11
31,481.0,1
32,326.0,1
32,350.0,2
32,165.0,3
32,401.0,4
32,496.0,5
32,85.0,6
32,110.0,7
32,192.0,8
32,179.0,9
32,39.0,10
32,251.0,11
32,279.0,12
33,295.0,1
33,494.0,2
33,149.0,3
33,132.0,4
33,347.0,5
33,451.0,6
34,58.0,1
35,20.0,1
35,387.0,2
35,106.0,3
35,467.0,4
35,263.0,5
35,131.0,6
35,218.0,7
35,378.0,8
36,52.0,1
36,68.0,2
36,214.0,3
36,76.0,4
36,281.0,5
36,129.0,6
36,64.0,7
36,367.0,8
36,482.0,9
36,28.0,10
36,123.0,11
36,250.0,12
36,434.0,13
36,446.0,14
36,246.0,15
37,109.0,1
37,312.0,2
37,75.0,3
37,317.0,4
37,14.0,5
37,437.0,6
37,77.0,7
37,141.0,8
37,258.0,9
38,7.0,1
38,498.0,2
38,117.0,3
38,124.0,4
38,89.0,5
38,202.0,6
38,239.0,7
39,447.0,1
39,169.0,2
39,358.0,3
39,193.0,4
39,208.0,5
39,156.0,6
39,379.0,7
40,315.0,1
40,247.0,2
40,464.0,3
40,488.0,4
40,194.0,5
40,38.0,6
40,431.0,7
41,1.0,1
41,198.0,2
41,478.0,3
41,200.0,4
41,380.0,5
41,37.0,6
41,345.0,7
41,100.0,8
41,293.0,9
41,365.0,10
41,369.0,11
41,458.0,12
41,261.0,13
41,332.0,14
41,408.0,15
42,468.0,1
42,18.0,2
42,371.0,3
43,10.0,1
43,443.0,2
43,462.0,3
43,42.0,4
43,445.0,5
43,428.0,6
43,339.0,7
44,344.0,1
45,366.0,1
46,36.0,1
46,454.0,2
46,140.0,3
46,356.0,4
46,262.0,5
46,484.0,6
46,137.0,7
46,256.0,8
47,166.0,1
47,264.0,2
47,296.0,3
47,34.0,4
47,199.0,5
48,300.0,1
48,390.0,2
48,351.0,3
48,368.0,4
48,74.0,5
48,29.0,6
48,133.0,7
48,183.0,8
48,220.0,9
48,361.0,10
49,414.0,1
49,472.0,2
49,485.0,3
50,147.0,1
50,231.0,2
50,280.0,3
50,46.0,4
50,50.0,5
50,359.0,6
50,144.0,7
50,163.0,8
50,292.0,9
50,233.0,10
50,436.0,11
50,177.0,12
50,178.0,13
50,153.0,14
51,283.0,1
52,24.0,1
52,53.0,2
52,308.0,3
52,170.0,4
52,21.0,5
52,385.0,6
52,120.0,7
52,57.0,8
52,364.0,9
53,41.0,1
53,430.0,2
53,80.0,3
54,386.0,1
54,158.0,2
54,148.0,3
54,181.0,4
54,136.0,5
54,127.0,6
54,274.0,7
54,162.0,8
54,298.0,9
55,8.0,1
55,225.0,2
55,320.0,3
55,229.0,4
55,471.0,5
55,60.0,6
55,82.0,7
55,112.0,8
55,150.0,9
56,376.0,1
56,406.0,2
56,167.0,3
56,155.0,4
56,161.0,5
56,486.0,6
56,43.0,7
56,116.0,8
57,5.0,1
58,212.0,1
58,321.0,2
58,267.0,3
58,268.0,4
58,497.0,5
58,453.0,6
58,226.0,7
58,69.0,8
58,388.0,9
58,452.0,10
58,433.0,11
58,272.0,12
58,343.0,13
58,370.0,14
58,171.0,15
59,311.0,1
60,392.0,1
61,487.0,1
61,499.0,2
62,360.0,1
62,73.0,2
62,336.0,3
62,122.0,4
62,134.0,5
63,305.0,1
64,99.0,1
64,269.0,2
64,72.0,3
64,469.0,4
64,276.0,5
64,335.0,6
64,413.0,7
64,421.0,8
64,30.0,9
64,114.0,10
65,207.0,1
65,429.0,2
65,2.0,3
65,176.0,4
65,211.0,5
65,232.0,6
65,27.0,7
65,96.0,8
65,297.0,9
65,278.0,10
65,483.0,11
65,354.0,12
65,206.0,13
65,337.0,14
65,416.0,15
66,427.0,1
66,466.0,2
67,420.0,1
67,396.0,2
67,12.0,3
67,98.0,4
67,473.0,5
68,476.0,1
69,66.0,1
69,67.0,2
69,410.0,3
69,173.0,4
70,135.0,1
70,353.0,2
70,328.0,3
70,235.0,4
70,9.0,5
70,61.0,6
71,289.0,1
71,389.0,2
71,342.0,3
71,333.0,4
71,182.0,5
71,22.0,6
71,221.0,7
71,188.0,8
71,93.0,9
72,242.0,1
72,441.0,2
72,17.0,3
72,103.0,4
72,465.0,5
72,45.0,6
72,398.0,7
72,409.0,8
72,449.0,9
72,203.0,10
72,304.0,11
73,373.0,1
73,97.0,2
73,463.0,3
73,92.0,4
73,185.0,5
73,285.0,6
73,138.0,7
74,104.0,1
74,164.0,2
74,330.0,3
74,475.0,4
74,3.0,5
74,65.0,6
74,245.0,7
74,459.0,8
74,491.0,9
74,196.0,10
74,33.0,11
74,224.0,12
